31 326
29 343
17 601
54 581
31 677
9 743
19 139
37 661
16 184
31 192
49 1
51 727
11 183
39 449
49 607
43 513
13 169
21 625
45 45
21 505
31 917
50 444
25 386
28 489
16 621
29 777
1 946
40 465
41 783
49 107
51 341
9 620
31 431
28 285
10 425
21 856
47 321
25 265
1 485
1 919
37 561
21 729
15 843
47 321
41 521
33 877
21 937
31 421
51 341
47 321
31 30
16 477
19 495
29 947
10 425
37 69
47 796
13 671
31 431
31 801
23 373
19 706
4 594
11 952
56 936
26 219
49 107
50 393
1 643
52 586
19 139
28 489
49 107
37 69
45 45
29 524
56 978
5 760
21 929
45 45
31 541
13 206
35 245
19 495
41 896
15 965
33 745
13 206
19 495
16 876
51 559
16 184
56 839
43 860
59 371
13 206
13 733
25 650
29 600
26 219
59 811
13 206
43 867
43 974
17 711
39 841
21 625
21 719
21 625
26 219
3 687
16 263
13 918
37 818
19 961
37 378
1 799
21 719
17 711
16 263
55 886
13 452
34 910
23 373
59 371
45 501
31 851
13 751
16 816
21 719
4 613
7 675
50 393
43 507
15 754
50 393
17 813
9 931
21 902
41 696
6 981
2 888
31 651
47 837
13 980
59 811
1 821
22 921
1 966
47 924
7 712
29 600
34 835
1 821
29 600
21 831
21 938
16 935
30 901
29 600
16 551
5 681
13 636
21 853
25 755
25 913
39 841
17 601
1 838
17 601
29 600
16 551
25 763
21 831
16 551
43 507
16 816
45 501
11 647
9 865
51 899
9 598
51 891
1 939
17 601
43 605
17 601
41 873
25 689
17 601
51 885
37 945
15 843
43 605
49 749
25 701
17 657
14 731
11 933
47 923
34 849
7 883
49 909
34 953
25 701
53 1000
33 893
3 948
25 701
31 986
13 911
51 993
7 740
34 984
25 701
34 943
17 683
11 795
11 991
55 884
10 941
30 901
41 872
33 963
9 743
23 757
53 994
30 901
9 743
7 740
37 951
30 901
14 731
1 957
16 907
13 971
13 985
14 731
37 967
13 918
9 882
7 740
14 731
4 889
31 976
9 905
18 809
23 757
32 815
21 915
37 970
51 829
47 923
18 809
33 959
25 955
58 973
32 815
15 998
32 815
16 912
43 997
41 872
11 933
9 931
1 864
5 979
25 996
11 933
32 815
13 918
25 833
33 925
50 975
37 995
21 949
55 884
11 933
9 882
25 962
53 983
55 884
22 934
16 999
33 969
28 944
51 891
43 950
17 960
