60 20
11 11 31 17 5 33 1 21 28 11 5 21 38 1 11 25 1 21 21 26 36 8 18 2 40 31 27 1 18 1 13 31 33 14 25 9 9 35 15 15 5 13 27 1 14 17 35 19 33 1 17 1 17 29 27 11 9 28 31 7 
1000
1 0 31 326
1 1 29 343
1 1 17 601
1 0 54 581
1 0 31 677
1 1 9 743
1 1 19 139
1 1 37 661
1 1 16 184
1 0 31 192
1 1 49 1
-1 1 37 661
1 0 51 727
1 1 11 183
1 0 39 449
1 0 49 607
1 0 43 513
1 1 13 169
1 0 21 625
1 1 45 45
1 0 21 505
-1 0 49 607
-1 0 51 727
-1 0 31 677
1 1 31 917
-1 0 31 326
1 0 50 444
-1 1 11 183
1 0 25 386
1 0 28 489
-1 1 49 1
1 0 16 621
1 0 29 777
1 1 1 946
1 1 40 465
1 1 41 783
-1 1 1 946
1 1 49 107
-1 0 31 192
1 0 51 341
-1 0 29 777
1 1 17 291
-1 0 25 386
1 1 9 620
1 0 31 431
1 0 28 285
1 0 10 425
-1 1 40 465
-1 1 31 917
-1 0 16 621
1 0 21 856
1 0 47 321
1 1 25 265
1 1 1 485
1 0 37 161
-1 0 43 513
1 1 1 919
1 1 37 561
1 1 21 729
1 0 15 843
1 0 21 33
-1 0 21 856
-1 1 21 729
1 0 41 521
1 1 33 877
1 0 21 937
-1 1 25 265
1 1 31 421
-1 1 29 343
1 0 19 60
1 0 45 289
-1 0 41 521
1 0 25 253
-1 0 51 341
1 1 31 30
1 1 16 477
1 0 16 306
1 0 19 495
1 0 1 187
1 1 29 947
-1 0 21 505
1 1 37 69
1 1 47 796
1 1 13 671
1 0 49 153
-1 1 33 877
1 0 31 801
1 1 23 373
1 1 19 706
1 1 4 594
1 0 11 952
1 1 56 936
1 1 26 219
1 0 1 437
-1 1 19 706
1 1 50 393
-1 0 1 437
1 1 1 643
-1 0 1 187
1 0 52 586
-1 1 1 485
1 0 12 189
-1 1 13 671
-1 1 37 561
1 1 27 16
-1 1 37 69
1 0 14 264
1 0 26 353
-1 0 16 306
-1 0 26 353
1 1 29 524
1 0 56 978
-1 0 49 153
1 0 5 760
1 0 29 443
1 0 21 929
1 0 12 389
1 0 39 433
-1 1 29 947
1 1 31 541
1 1 54 91
-1 0 21 929
1 1 13 206
1 1 35 245
1 0 51 24
-1 0 5 760
1 1 41 896
1 1 15 965
1 1 33 745
-1 0 21 937
-1 1 4 594
-1 0 52 586
1 0 16 876
1 0 41 335
1 0 51 559
-1 1 41 783
1 1 56 839
1 0 43 860
1 1 59 371
-1 1 31 421
1 1 43 99
1 0 16 330
-1 1 13 169
1 0 13 733
1 1 25 650
1 1 29 600
-1 1 56 936
1 0 59 811
1 1 6 21
-1 1 1 919
-1 1 49 107
1 1 43 867
1 1 27 81
1 1 43 974
1 1 15 166
1 0 36 66
1 0 17 711
-1 0 41 335
1 0 39 841
-1 0 13 733
1 1 9 105
1 0 21 719
1 0 26 319
-1 1 25 650
1 0 58 337
-1 1 27 81
1 1 3 687
-1 1 26 219
1 1 16 263
-1 0 51 559
1 0 13 918
1 0 37 818
1 0 19 961
1 1 37 378
1 0 1 799
1 0 43 177
1 1 37 35
-1 0 1 799
-1 0 56 978
-1 1 16 184
-1 1 41 896
1 1 55 886
1 0 7 101
1 1 13 452
1 1 2 305
-1 0 37 818
1 1 34 910
-1 1 27 16
-1 1 1 643
1 0 23 213
-1 1 34 910
1 1 25 225
1 1 45 501
1 1 17 397
1 1 31 851
1 0 52 85
1 0 13 2
1 0 13 751
1 0 16 816
-1 0 43 860
1 1 4 613
1 1 7 675
-1 1 31 541
1 1 18 80
1 1 43 507
1 0 15 754
1 0 14 159
-1 1 4 613
1 0 17 813
1 0 37 466
1 0 9 931
1 0 2 471
-1 0 43 177
-1 0 25 253
1 0 21 902
-1 0 29 443
1 0 33 313
1 1 44 152
-1 1 37 35
1 1 41 696
1 0 31 739
1 1 6 981
1 0 16 735
1 0 30 791
1 0 38 277
1 1 39 39
1 1 31 141
-1 1 59 371
1 0 19 488
1 0 2 888
1 1 31 651
1 1 49 354
1 0 31 493
1 0 47 837
-1 1 44 152
1 1 55 137
1 1 13 980
1 1 1 176
1 0 58 761
1 0 29 17
-1 0 11 952
1 1 13 132
-1 0 51 24
1 0 1 821
1 1 33 201
-1 0 26 319
1 1 22 921
1 0 41 318
1 0 19 538
-1 1 49 354
1 0 20 51
-1 0 13 751
1 1 1 966
1 0 33 721
1 1 13 441
1 0 53 410
-1 0 28 489
1 1 47 924
-1 0 7 101
1 1 11 22
1 1 7 712
1 0 1 86
-1 0 17 813
1 0 51 665
1 1 1 566
1 1 1 11
-1 1 41 696
1 0 1 568
1 1 34 835
1 1 5 267
1 1 31 481
1 1 16 551
1 0 46 149
1 1 11 249
-1 0 1 568
-1 0 28 285
-1 0 47 837
1 0 39 758
1 0 37 399
-1 1 6 981
1 0 21 831
1 1 31 351
1 1 21 938
1 0 21 511
1 0 16 935
1 0 30 901
-1 1 21 938
-1 1 17 397
1 0 34 191
-1 1 1 566
-1 1 19 139
1 0 25 599
-1 1 13 441
-1 1 47 796
1 1 5 681
1 1 51 301
1 1 13 636
-1 0 1 821
1 0 25 401
1 1 53 37
-1 0 37 399
1 1 15 391
-1 0 25 599
1 1 1 97
1 0 41 365
1 0 21 853
1 1 31 205
1 0 1 557
-1 1 50 393
1 1 25 755
-1 0 21 511
1 1 5 380
1 0 25 913
-1 1 29 524
1 1 17 9
-1 0 16 330
-1 0 19 488
-1 1 55 886
1 1 1 838
-1 1 56 839
1 0 49 287
-1 1 25 755
-1 0 25 913
-1 1 51 301
-1 1 29 600
-1 0 16 935
1 1 25 763
-1 0 51 665
-1 1 15 965
-1 1 15 391
1 0 19 315
1 0 29 588
-1 0 37 466
1 1 1 74
-1 0 1 557
1 1 13 12
1 0 7 713
1 0 13 338
-1 0 1 86
-1 0 17 711
-1 1 17 291
-1 1 9 620
1 1 50 241
1 0 33 577
1 0 56 767
-1 1 16 263
1 1 37 126
-1 1 1 966
1 1 11 647
1 0 59 231
1 0 9 865
1 0 25 124
-1 0 21 625
1 0 41 140
-1 1 13 132
-1 1 25 225
1 1 51 899
1 1 9 598
1 1 13 49
1 0 23 345
1 1 4 257
-1 0 31 431
-1 1 4 257
-1 0 30 791
1 1 51 891
1 0 43 279
1 0 35 741
1 1 36 340
-1 1 37 378
1 0 55 610
1 1 1 939
-1 1 13 980
1 0 10 392
1 0 16 817
1 1 1 469
-1 1 9 105
1 1 43 605
-1 0 46 149
1 1 59 53
1 0 59 27
1 0 22 385
-1 0 41 318
-1 1 3 687
1 1 46 572
-1 1 31 30
1 0 11 172
1 0 41 873
1 0 9 604
1 1 25 689
1 1 13 95
-1 1 46 572
-1 1 37 126
-1 1 16 477
1 1 4 416
-1 1 25 689
1 1 51 885
1 1 46 229
1 1 23 325
1 1 37 945
-1 1 31 851
-1 1 23 325
1 0 59 281
1 0 31 333
-1 1 36 340
-1 1 53 37
1 1 53 43
1 1 49 749
-1 0 49 287
-1 1 45 501
1 0 1 617
1 0 13 826
1 0 27 539
-1 0 13 826
1 0 1 320
-1 1 17 9
1 0 56 673
-1 0 1 617
1 1 25 701
1 1 17 657
1 0 21 591
-1 1 1 469
1 1 14 731
-1 0 37 161
1 0 7 737
-1 1 11 647
1 1 56 516
1 0 11 933
1 0 21 89
1 1 36 595
1 0 55 197
1 0 47 923
1 1 34 849
-1 1 17 601
-1 0 13 338
-1 0 11 172
1 0 7 883
1 0 30 532
-1 0 1 320
-1 0 16 735
-1 0 25 124
1 1 17 419
-1 1 46 229
1 1 49 909
1 0 11 808
1 1 26 297
1 1 5 196
1 1 17 683
-1 0 2 471
-1 0 59 811
-1 1 17 419
1 1 34 953
1 1 46 555
1 1 2 41
1 0 26 803
-1 1 33 745
1 0 23 147
1 0 55 15
-1 0 15 754
-1 0 38 277
-1 0 25 401
1 0 53 1000
-1 0 21 591
1 0 49 77
1 1 36 223
1 1 21 19
1 0 4 871
-1 0 52 85
1 1 49 29
-1 0 49 77
1 0 59 226
1 0 33 893
1 0 45 261
-1 0 9 865
1 1 23 28
1 1 56 259
1 1 3 948
-1 1 1 838
1 0 58 10
1 0 37 375
1 0 47 3
1 0 17 193
1 0 53 496
1 1 31 649
1 1 31 986
1 1 6 361
1 0 13 911
1 0 7 830
-1 1 13 49
1 0 51 993
1 1 7 740
-1 0 21 719
1 0 34 984
-1 0 21 853
1 1 59 359
-1 1 1 939
1 0 49 65
1 0 56 690
1 1 11 31
1 0 34 943
-1 1 1 74
-1 0 55 610
-1 0 19 538
1 0 40 637
1 1 1 463
1 0 51 103
1 1 49 111
-1 0 58 337
-1 1 22 921
1 1 41 46
1 0 29 8
1 1 11 795
1 0 11 991
-1 1 21 19
1 0 55 641
1 0 10 227
1 1 16 560
1 0 28 211
-1 0 19 60
1 1 57 461
-1 1 35 245
1 1 55 884
1 0 46 455
-1 0 19 315
1 0 37 423
1 0 1 342
1 0 17 130
1 1 46 293
1 1 10 941
-1 0 1 342
1 0 31 596
1 1 9 549
-1 0 13 911
1 1 18 198
1 0 49 869
1 0 21 280
-1 0 34 943
1 1 41 872
-1 1 1 97
1 1 33 963
-1 1 51 885
1 1 51 165
1 1 19 624
1 1 41 363
1 0 11 897
1 1 23 757
-1 0 31 739
1 0 53 994
-1 1 47 924
-1 1 34 835
1 0 7 258
1 0 1 723
1 0 37 951
1 0 33 715
-1 0 31 596
-1 1 37 945
1 0 36 13
1 1 20 88
-1 0 46 455
1 1 46 529
1 1 41 233
1 0 21 526
1 0 49 47
1 0 1 424
1 1 9 669
1 0 41 215
-1 0 1 723
1 0 56 699
1 0 21 273
1 1 11 436
1 1 49 254
1 0 1 957
1 1 9 514
1 0 16 907
1 0 11 805
1 0 52 845
1 1 13 971
1 0 49 750
1 0 55 866
-1 1 45 45
1 0 35 180
-1 1 46 293
1 1 37 295
1 0 46 814
1 1 1 457
1 0 59 117
1 0 45 804
1 0 35 628
1 1 57 379
1 0 49 609
1 0 41 432
1 0 13 985
-1 1 53 43
-1 1 36 595
1 1 27 413
1 0 21 25
-1 1 37 295
-1 1 49 749
1 1 25 394
-1 1 5 681
1 1 37 967
-1 0 1 957
1 0 27 358
1 1 37 447
1 0 11 451
1 0 2 427
-1 0 52 845
1 1 9 882
1 0 10 71
1 1 46 569
1 0 1 789
1 0 1 381
-1 1 46 529
1 1 22 660
-1 1 46 555
1 0 41 104
-1 0 1 424
1 0 19 579
1 1 51 563
-1 1 43 867
1 0 21 156
-1 1 34 849
1 0 13 479
-1 0 55 641
1 1 31 531
1 1 4 889
1 1 25 616
1 0 31 698
1 1 34 290
-1 0 17 130
1 0 47 553
1 1 26 356
-1 1 16 551
-1 1 1 11
1 1 31 976
1 1 9 905
1 0 55 486
1 0 41 5
-1 0 22 385
1 0 35 75
1 1 18 809
-1 0 1 789
1 1 31 83
-1 1 49 909
1 0 49 547
-1 0 31 801
1 1 13 473
1 0 3 793
-1 1 31 481
1 1 5 697
-1 0 27 358
1 1 41 546
1 1 49 298
1 1 51 237
1 1 31 688
1 0 53 881
-1 1 1 176
1 1 31 446
1 0 5 593
1 0 58 7
1 0 13 861
1 1 13 403
1 1 41 645
1 0 55 857
-1 0 10 71
1 1 32 815
1 0 55 129
1 1 21 915
1 0 49 784
1 0 13 768
-1 0 15 843
-1 0 21 831
1 0 55 659
1 1 37 970
1 0 15 806
1 0 49 133
1 1 55 747
1 0 25 585
1 1 51 829
1 1 16 705
1 0 21 782
1 0 25 20
-1 0 36 66
-1 0 31 333
-1 1 37 447
1 1 9 606
1 1 37 725
1 0 22 396
1 0 18 209
-1 1 1 457
1 1 1 121
1 1 57 377
1 1 13 26
1 1 23 251
1 1 45 445
-1 1 57 377
-1 1 41 46
1 1 1 87
-1 1 37 967
-1 0 13 479
1 0 40 497
1 0 17 708
-1 0 16 876
1 0 24 275
1 1 42 459
-1 0 27 539
1 1 1 271
1 1 41 173
1 1 25 145
1 0 1 819
-1 0 17 193
1 1 13 207
1 1 57 512
1 0 36 880
1 0 1 710
1 0 33 823
1 0 28 807
1 1 1 369
1 1 39 311
-1 1 25 394
1 1 1 448
-1 1 25 616
1 1 33 959
1 1 43 491
1 0 52 312
1 0 56 629
1 1 52 185
1 0 25 955
1 1 58 973
1 0 13 487
1 1 51 112
1 0 1 666
1 1 37 221
-1 1 51 829
-1 1 7 675
-1 0 56 629
1 0 50 895
1 1 1 294
1 1 21 678
1 1 15 998
-1 0 31 698
-1 1 43 974
1 1 41 536
-1 1 21 678
1 1 16 912
-1 1 49 254
1 0 60 109
-1 1 31 83
1 0 13 776
1 1 1 864
1 0 8 738
1 1 43 812
1 1 43 997
1 1 41 686
1 0 31 506
-1 0 1 381
1 1 23 398
-1 1 34 953
-1 0 25 955
1 0 27 171
-1 0 16 816
1 1 19 644
1 1 4 212
-1 0 25 585
1 1 51 467
-1 1 15 998
1 0 22 726
-1 1 31 446
-1 1 13 636
1 1 58 239
1 1 26 44
1 1 5 979
1 0 41 435
1 0 9 94
-1 1 42 459
-1 0 47 923
1 1 40 732
1 0 27 583
-1 0 31 493
1 1 22 402
1 0 25 996
1 1 13 125
1 1 13 299
-1 0 1 666
1 0 1 779
1 1 29 181
1 0 22 667
-1 0 31 506
1 1 56 778
1 1 23 554
1 0 8 332
-1 1 1 864
1 0 52 276
1 0 16 278
-1 1 9 514
-1 0 21 526
1 0 11 6
1 1 1 792
1 0 16 573
1 0 40 57
1 0 26 674
-1 1 22 402
1 0 51 476
-1 0 12 389
-1 1 40 732
1 1 51 545
-1 1 52 185
-1 0 9 931
1 1 19 270
1 1 41 656
1 1 45 694
-1 1 33 959
-1 0 1 710
1 0 5 478
1 0 21 908
-1 0 25 996
1 0 1 655
-1 0 28 807
-1 1 36 223
-1 0 22 396
1 1 25 833
1 0 13 240
1 0 13 349
1 0 1 781
1 1 21 406
-1 1 49 298
-1 1 1 792
1 0 28 499
1 1 33 925
1 0 19 4
1 0 37 646
1 1 29 652
1 0 11 597
1 0 1 695
1 0 40 426
-1 0 28 211
1 0 39 100
1 1 41 612
1 0 52 483
1 1 24 753
1 0 17 663
-1 0 16 278
1 1 31 32
1 1 11 504
1 0 7 533
1 1 1 642
1 1 50 144
-1 1 1 369
1 1 21 407
1 0 19 56
-1 0 17 663
1 1 49 623
-1 0 16 817
1 0 9 151
1 0 58 603
1 1 41 242
1 1 50 975
1 1 1 472
-1 1 20 88
1 1 37 995
-1 0 41 432
1 1 37 203
-1 0 54 581
1 1 40 217
1 1 22 79
-1 1 25 763
1 1 37 247
1 0 11 679
-1 1 27 413
-1 0 49 547
1 0 26 525
1 1 37 248
1 1 53 676
1 0 16 400
-1 1 49 111
-1 0 49 609
1 1 21 949
1 1 19 567
-1 1 10 941
-1 0 25 20
1 0 4 775
1 1 1 314
1 0 25 429
-1 1 41 872
1 0 37 903
1 1 31 329
-1 0 52 312
1 1 41 509
-1 1 41 233
-1 0 46 814
1 1 11 307
-1 0 16 400
-1 1 5 979
-1 1 40 217
1 0 19 59
1 1 52 106
1 1 25 269
1 1 12 76
-1 0 37 646
1 0 58 347
-1 0 19 495
-1 0 11 897
1 1 25 962
1 1 7 174
1 1 13 632
1 0 37 250
1 1 53 983
1 0 38 376
-1 1 31 976
-1 1 34 290
1 1 21 672
-1 0 1 655
1 1 1 118
-1 1 49 29
1 1 13 262
1 0 49 906
1 0 36 894
1 1 21 179
1 0 25 926
1 0 40 113
-1 0 55 197
1 0 5 256
1 1 33 200
1 1 58 414
-1 0 47 321
1 0 33 163
1 0 41 453
1 0 56 863
1 0 46 199
1 1 49 274
1 0 13 327
1 1 17 138
1 1 22 934
1 0 1 639
-1 0 29 588
1 0 9 368
-1 1 31 649
1 0 46 36
1 1 41 571
1 0 11 691
1 0 31 220
1 1 60 626
1 1 32 631
1 1 31 543
1 1 34 633
1 0 16 544
-1 0 20 51
1 0 30 72
1 0 1 98
1 0 31 266
1 0 46 535
1 1 25 115
1 0 24 870
-1 0 25 429
1 1 31 40
1 0 13 324
1 0 1 116
1 0 17 155
-1 0 41 365
1 0 47 654
1 1 42 382
1 0 9 409
1 0 37 576
-1 0 37 951
1 0 16 999
-1 1 45 445
1 0 1 693
1 0 5 440
-1 0 7 258
1 0 1 170
1 1 7 122
1 0 53 537
1 1 33 969
1 0 42 82
1 1 28 944
-1 0 55 866
-1 1 49 623
-1 1 37 970
1 1 4 439
1 1 43 950
1 0 21 123
1 1 14 684
1 1 43 770
1 1 36 855
1 0 47 73
1 1 25 339
1 0 1 517
1 0 17 960
1 0 17 540
1 1 55 346
-1 1 55 747
-1 0 41 873
-1 0 16 544
1 1 43 418
1 1 41 611
-1 0 31 220
1 0 58 210
-1 0 40 637
1 1 51 235
1 0 31 879
1 0 11 709
